files: n_ctx=65536 n_vocab=248320 n_chunk=1 scored_tokens=65535 (positions 0..65534 per chunk) bad_or_nonfinite=0
records that differ bytewise: 65527 of 65535
overall: mean_kld=0.001516 median=0.000683 p99.9=0.043158 max=0.554734 top1_agree=98.245%
pos_start,pos_end,n,mean_kld,max_kld,top1_agree_pct
0,4095,4096,0.001287,0.202703,98.511
4096,8191,4096,0.001388,0.554734,98.340
8192,12287,4096,0.001606,0.286154,98.364
12288,16383,4096,0.001766,0.535613,98.633
16384,20479,4096,0.001492,0.032482,97.754
20480,24575,4096,0.001324,0.187908,98.462
24576,28671,4096,0.001500,0.119075,97.876
28672,32767,4096,0.001613,0.052690,98.096
32768,36863,4096,0.001696,0.073559,97.900
36864,40959,4096,0.001931,0.531787,98.413
40960,45055,4096,0.001479,0.056754,98.608
45056,49151,4096,0.001565,0.359012,98.340
49152,53247,4096,0.001340,0.084140,98.291
53248,57343,4096,0.001289,0.045722,98.145
57344,61439,4096,0.001164,0.054095,98.291
61440,65534,4095,0.001817,0.078442,97.900
