files: n_ctx=65536 n_vocab=248320 n_chunk=1 scored_tokens=65535 (positions 0..65534 per chunk) bad_or_nonfinite=0
records that differ bytewise: 65527 of 65535
overall: mean_kld=0.000891 median=0.000405 p99.9=0.022048 max=1.686653 top1_agree=98.622%
pos_start,pos_end,n,mean_kld,max_kld,top1_agree_pct
0,4095,4096,0.000688,0.137423,98.779
4096,8191,4096,0.000711,0.049668,98.633
8192,12287,4096,0.000960,0.449497,98.560
12288,16383,4096,0.000948,0.094329,98.755
16384,20479,4096,0.000878,0.047634,98.315
20480,24575,4096,0.000768,0.040227,98.950
24576,28671,4096,0.000876,0.025683,98.267
28672,32767,4096,0.001085,0.213176,98.462
32768,36863,4096,0.001120,0.039880,98.267
36864,40959,4096,0.001418,1.686653,99.048
40960,45055,4096,0.000813,0.034270,98.853
45056,49151,4096,0.000844,0.101145,98.828
49152,53247,4096,0.000775,0.040924,98.755
53248,57343,4096,0.000730,0.029548,98.535
57344,61439,4096,0.000667,0.025125,98.657
61440,65534,4095,0.000982,0.032524,98.291
